state       dE(eV)    f     Om    POS     PR     CT    COH   CTnt
------------------------------------------------------------------
riplet_A_1  8.573      -  1.001  1.437  1.141  0.875  1.123  0.874
inglet_A_1  9.651  0.007  1.000  1.444  1.125  0.888  1.111  0.888
riplet_A_2 10.426      -  1.002  1.510  1.303  0.745  1.328  0.731
riplet_A_3 10.814      -  1.001  1.370  1.314  0.739  1.239  0.739
inglet_A_2 11.553  0.000  1.000  1.374  1.302  0.748  1.232  0.748
riplet_A_4 12.158      -  1.002  1.468  1.485  0.630  1.522  0.589
inglet_A_3 12.237  0.090  1.001  1.502  1.243  0.809  1.238  0.780
inglet_A_4 14.274  0.099  1.001  1.448  1.424  0.695  1.414  0.638
