2
 1-A1state  0.00943 -0.00064  0.00417  0.00446  0.00144
 1-B1state  0.02511  0.00571  0.00190  0.00170  0.01581
 2-B1state  0.01489  0.00298 -0.00051 -0.00042  0.01284
      1-A1  0.90820 -0.04001  0.82590 -0.00023  0.12254
      1-A1  0.00633  0.00420  0.00071  0.00039  0.00103
      1-B1  0.93740  0.09356  0.69893  0.01599  0.12891
      1-B1  0.03737  0.00338  0.02313  0.00098  0.00987
      2-B1  0.94093 -0.04328  0.64306 -0.00912  0.35028
      2-B1  0.03122  0.00571  0.01872  0.00070  0.00609
